00001100000100000000001001010110
00100100000001000000000000001010
00100100000001010000000000001101
00111100000000010001000000000001
10001100001001100000000000100100
00100100000001110000000000010010
00001100000100000000000110110011
00100100000001010000000000001110
00001100000100000000000110110011
00100100000001000000000000101110
00100100000001110000000000110110
00001100000100000000000110110011
00100100000001010000000000001101
00001100000100000000000110110011
00100100000001000000000000001010
00100100000001010000000000001111
00111100000000010001000000000001
10001100001001100000000000110000
00100100000001110000000000010010
00001100000100000000000110110011
00100100000001010000000000010000
00001100000100000000000110110011
00100100000001000000000000101110
00100100000001110000000000110110
00001100000100000000000110110011
00100100000001010000000000001111
00001100000100000000000110110011
00100100000001000000000000001010
00100100000001010000000000010001
00111100000000010001000000000001
10001100001001100000000000100000
00100100000001110000000000010010
00001100000100000000000110110011
00100100000001010000000000010010
00001100000100000000000110110011
00100100000001000000000000101110
00100100000001110000000000110110
00001100000100000000000110110011
00100100000001010000000000010001
00001100000100000000000110110011
00100100000001000000000000010101
00100100000001010000000000001101
00111100000000010001000000000001
10001100001001100000000000101000
00100100000001110000000000010010
00001100000100000000000110111111
00100100000001000000000000011011
00001100000100000000000110111111
00100100000001000000000000011111
00001100000100000000000110111111
00100100000001000000000000100001
00001100000100000000000110111111
00100100000001000000000000100101
00001100000100000000000110111111
00100100000001000000000000100111
00001100000100000000000110111111
00100100000001000000000000100010
00100100000001010000000000001101
00100100000001110000000000001110
00001100000100000000000110111111
00100100000001000000000000100011
00100100000001010000000000001111
00100100000001110000000000010000
00001100000100000000000110111111
00100100000001000000000000011001
00100100000001010000000000001110
00001100000100000000000110111111
00100100000001000000000000010110
00100100000001010000000000010000
00100100000001110000000000011000
00001100000100000000000110110011
00100100000001000000000000010110
00100100000001010000000000010000
00100100000001110000000000011001
00001100000100000000000110110011
00100100000001010000000000001101
00001100000100000000000110110011
00100100000001000000000000011011
00100100000001110000000000011110
00001100000100000000000110110011
00100100000001010000000000010010
00001100000100000000000110110011
00100100000001000000000000101000
00100100000001110000000000101011
00001100000100000000000110110011
00100100000001010000000000001101
00001100000100000000000110110011
00100100000001000000000000101001
00100100000001010000000000010000
00001100000100000000000110110011
00100100000001000000000000100100
00100100000001010000000000010001
00001100000100000000000110101101
00100100000001000000000000101011
00001100000100000000000110101101
00100100000001000000000000100011
00100100000001010000000000011001
00100100000001110000000000011101
00001100000100000000000110111111
00100100000001000000000000010001
00001100000100000000000110111111
00100100000001000000000000010011
00001100000100000000000110111111
00100100000001000000000000010101
00001100000100000000000110111111
00100100000001000000000000100111
00001100000100000000000110111111
00100100000001000000000000101001
00001100000100000000000110111111
00100100000001000000000000101011
00001100000100000000000110111111
00100100000001000000000000101101
00001100000100000000000110111111
00100100000001000000000000001100
00001100000100000000000110111111
00100100000001110000000000001111
00001100000100000000000110110011
00100100000001010000000000011011
00001100000100000000000110110011
00100100000001000000000000001111
00100100000001010000000000011010
00100100000001110000000000011011
00001100000100000000000110111111
00100100000001000000000000010010
00100100000001010000000000011001
00100100000001110000000000011011
00001100000100000000000110111111
00100100000001000000000000010110
00100100000001010000000000011011
00001100000100000000000110101101
00100100000001010000000000011101
00001100000100000000000110101101
00100100000001010000000000011001
00001100000100000000000110101101
00100100000001000000000000011000
00100100000001010000000000011101
00100100000001110000000000011010
00001100000100000000000110110011
00100100000001000000000000011000
00100100000001010000000000011011
00001100000100000000000110110011
00100100000001010000000000011001
00001100000100000000000110110011
00100100000001010000000000011010
00001100000100000000000110101101
00100100000001000000000000011010
00100100000001010000000000011100
00001100000100000000000110101101
00100100000001000000000000010110
00100100000001010000000000011001
00001100000100000000000110101101
00100100000001000000000000100010
00100100000001010000000000011010
00001100000100000000000110101101
00100100000001010000000000011101
00100100000001110000000000100100
00001100000100000000000110110011
00100100000001000000000000101000
00001100000100000000000110101101
00100100000001010000000000011001
00001100000100000000000110101101
00100100000001000000000000101100
00100100000001110000000000011011
00001100000100000000000110111111
00100100000001000000000000110001
00100100000001010000000000011001
00100100000001110000000000110010
00001100000100000000000110110011
00100100000001010000000000011100
00001100000100000000000110101101
00100100000001000000000000110010
00100100000001010000000000011101
00001100000100000000000110101101
00100100000001010000000000011011
00001100000100000000000110101101
00100100000001000000000000110011
00100100000001010000000000011010
00001100000100000000000110101101
00100100000001000000000000110000
00001100000100000000000110101101
00100100000001010000000000011101
00100100000001110000000000110011
00001100000100000000000110110011
00100100000001000000000000011100
00100100000001110000000000011110
00001100000100000000000110110011
00100100000001010000000000011011
00001100000100000000000110110011
00100100000001010000000000011001
00100100000001110000000000011110
00001100000100000000000110110011
00100100000001010000000000011010
00001100000100000000000110101101
00100100000001000000000000011110
00100100000001010000000000011100
00001100000100000000000110101101
00100100000001010000000000011010
00111100000000010001000000000001
10001100001001100000000000101100
00001100000100000000000110101101
00100100000001000000000000010011
00100100000001010000000000011011
00001100000100000000000110101101
00100100000001000000000000101101
00001100000100000000000110101101
00100100000001000000000000101100
00100100000001010000000000011010
00001100000100000000000110101101
00100100000001000000000000010010
00001100000100000000000110101101
00111100000000011111111111111111
10001100001010010000000000000100
00100000000000010000000000110001
00010000001010010000000000000110
00100000000000010000000000110010
00010000001010010000000000000110
00100100000001000000000011111010
00100100000000100000000000100000
00000000000000000000000000001100
00001000000100000000000011010010
00100100000010010000000000000001
00001000000100000000000011011111
00100100000010010000000000000010
00111100000000011111111111111111
10101100001000000000000000000000
00111100000000010001000000000001
10101100001010010000000000110100
00100100000010000000000000000001
00100100000010011111111111111111
00111100000000010001000000000001
10101100001010000000000000000100
00111100000000010001000000000001
10101100001010010000000000001000
00111100000000010001000000000001
10101100001000000000000000011000
00111100000000010001000000000001
10101100001000000000000000010100
00100100000100000000000000000000
00100100000100010000000000000000
00111100000000010001000000000001
10001100001100100000000000000000
00111100000000010001000000000001
10001100001100110000000000000100
00100100000101000000000000001101
00100100000101010000000000001101
00100100000101100000000000100000
00100100000101110000000000000000
00001100000100000000001001010110
00111100000000010001000000000001
10001100001001100000000000001100
00100100000001110000000000000001
00001100000100000000000101110111
00111100000000010001000000000001
10001100001001100000000000010000
00100100000001110000000000110110
00001100000100000000000101110111
00100100000001000000000000001101
00000000000101000010100000100001
00111100000000010001000000000001
10001100001001100000000000100000
00001100000100000000000101000111
00100100000001000000000000110010
00000000000101010010100000100001
00111100000000010001000000000001
10001100001001100000000000100100
00001100000100000000000101000111
00100100000001000000001111101000
00100100000000100000000000100000
00000000000000000000000000001100
00000000000101100010000000100001
00000000000101110010100000100001
00001100000100000000000111100010
00001100000100000000000110011000
00100100000001000000000000001101
00000000000101000010100000100001
00111100000000010001000000000001
10001100001001100000000000100000
00000000000100000011100000100001
00001100000100000000000101000111
00000000000001011010000000100001
00000000000001111000000000100001
00100100000001000000000000110010
00000000000101010010100000100001
00111100000000010001000000000001
10001100001001100000000000100100
00111100000000010001000000000001
10001100001010010000000000110100
00100000000000010000000000000001
00010100001010010000000000010100
00111100000000010001000000000001
10001100001010000000000000010100
00100001000010001111111111111111
00111100000000010001000000000001
10101100001010000000000000010100
00100000000000010000000000000000
00000000001010000000100000101010
00010100001000000000000000001100
00111100000000010001000000000001
10001100001010000000000000011000
00111100000000010001000000000001
10101100001010000000000000010100
00100010101010010000000000000010
00000001001101110000100000101010
00010100001000000000000000000011
00111100000000010000000100000000
00110100001100010000000000000000
00001000000100000000000100110101
00111100000000010000001000000000
00110100001100010000000000000000
00000000000100010011100000100001
00001100000100000000000101000111
00000000000001011010100000100001
00000000000001111000100000100001
00100100000010000000000000000010
00011001000000000000000000001011
00100100000001000000000000001010
00100100000000100000000000100000
00000000000000000000000000001100
00100001000010001111111111111111
00111100000000011111111111111111
10001100001010010000000000000000
00011001001000001111111111111000
00001100000100000000000111001011
00111100000000011111111111111111
10101100001000000000000000000000
00001000000100000000000100111010
00001000000100000000000100001101
00111100000000010000001000000000
00110100001000010000000000000000
00010000001001110000000000010011
00111100000000010000000100000000
00110100001000010000000000000000
00010100001001110000000000011101
00000000000001100101000000100001
00000000000001010100100000100001
00100000101001010000000000000101
00111100000000010001000000000001
10001100001001100000000000101100
00100011101111011111111111111100
10101111101111110000000000000000
00001100000100000000000110101101
10001111101111110000000000000000
00100011101111010000000000000100
00000000000010010010100000100001
00000000000010100011000000100001
00100000000000010000000000000000
00010000001001010000000000001111
00100000101001011111111111111111
00001000000100000000000101101011
00000000000001100100100000100001
00111100000000010001000000000001
10001100001001100000000000101100
00100011101111011111111111111100
10101111101111110000000000000000
00001100000100000000000110101101
10001111101111110000000000000000
00100011101111010000000000000100
00000000000010010011000000100001
00100000000000010000000000011010
00010000001001010000000000000010
00100000101001010000000000000001
00001000000100000000000101101011
00100100000001110000000000000000
00100100000010000000000000000110
00100000000000010000000000000001
00000001000000010100000000100010
00000000101010000100100000100001
00000000000010010100100110000000
00000000100010010001000000100001
00000000000000100001000010000000
00000000010111000001000000100001
10101100010001100000000000000000
00010001000000000000000000000001
00001000000100000000000101101100
00000011111000000000000000001000
00100011101111011111111111110100
10101111101111110000000000000000
10101111101100100000000000000100
10101111101001100000000000001000
00000000000001101001000000100001
00111100000000010001000000000001
10001100001001100000000000101000
00100010010000011111111111111111
00101000001000010000000000000101
00010100001000000000000000001001
00100000000000010000000000000110
00000010010000010100100000100010
00000000000010010100100001000000
00000001001001110010000000100000
00100100000001010000000000000011
00001100000100000000000110101101
00100010010100101111111111111111
00101010010000010000000000000110
00010000001000001111111111110111
00010010010000000000000000001000
00100000000000010000000000000001
00000010010000010100100000100010
00000000000010010100100001000000
00000001001001110010000000100000
00100100000001010000000000000001
00001100000100000000000110101101
00100010010100101111111111111111
00001000000100000000000110001010
10001111101111110000000000000000
10001111101100100000000000000100
10001111101001100000000000001000
00100011101111010000000000001100
00000011111000000000000000001000
00111100000000010001000000000001
10001100001001100000000000101100
00100011101111011111111111111100
10101111101111110000000000000000
00001100000100000000000110101101
10001111101111110000000000000000
00100011101111010000000000000100
00000010110100101011000000100000
00100010011100111111111111111111
00100000000000010000000000000000
00000000001100110000100000101010
00010100001000000000000000000101
00111100000000010001000000000001
10001100001010000000000000001000
00000010111010001011100000100000
00111100000000010001000000000001
10001100001100110000000000000100
00000000000101100010000000100001
00000000000101110010100000100001
00111100000000010001000000000001
10001100001001100000000000101000
00000000000001010100000110000000
00000000100010000001000000100001
00000000000000100001000010000000
00000000010111000001000000100001
10101100010001100000000000000000
00000011111000000000000000001000
00100011101111011111111111111100
10101111101111110000000000000000
00000000111001001100100000100010
00000000000001000100100000100001
00000001001110010010000000100000
00001100000100000000000110101101
00100011001110011111111111111111
00101011001000010000000000000000
00010000001000001111111111111011
10001111101111110000000000000000
00100011101111010000000000000100
00000011111000000000000000001000
00100011101111011111111111111100
10101111101111110000000000000000
00000000111001011100100000100010
00000000000001010100100000100001
00000001001110010010100000100000
00001100000100000000000110101101
00100011001110011111111111111111
00101011001000010000000000000000
00010000001000001111111111111011
10001111101111110000000000000000
00100011101111010000000000000100
00000011111000000000000000001000
00111100000000011111111111111111
10001100001001000000000000000100
00100000000000010000000001100001
00010100001001000000000000000011
00111100000000010000000100000000
00110100001100000000000000000000
00001000000100000000000111100001
00100000000000010000000001111010
00010100001001000000000000000011
00111100000000010000001000000000
00110100001100000000000000000000
00001000000100000000000111100001
00100000000000010000000001101011
00010100001001000000000000000011
00111100000000010000000100000000
00110100001100010000000000000000
00001000000100000000000111100001
00100000000000010000000001101101
00010100001001000000000000000011
00111100000000010000001000000000
00110100001100010000000000000000
00001000000100000000000111100001
00000011111000000000000000001000
00100000000000010000000000000000
00010000001101100000000001111100
00100000000000010000000000111111
00010000001101100000000010001000
00100000000000010000000000001110
00010100001101100000000000001000
00000010111101000000100000101010
00010100001000000000000000010000
00100010100010110000000000000101
00000001011101110000100000101010
00010100001000000000000000001101
00000010111101000101100000100010
00100100000100100000000000000001
00001000000100000000000111111011
00100000000000010000000000110001
00010100001101100000000000001000
00000010111101010000100000101010
00010100001000000000000000000110
00100010101010110000000000000101
00000001011101110000100000101010
00010100001000000000000000000011
00000010111101010101100000100010
00100100000100101111111111111111
00001000000100000000000111111011
00001000000100000000001001000000
00100011101111011111111111111000
10101111101001000000000000000000
10101111101001010000000000000100
00100100000001000000000001010000
00100100000001010000000001010000
00100100000001100000000000100000
00100100000001110000000001111111
00100100000000100000000000011111
00000000000000000000000000001100
10001111101001000000000000000000
10001111101001010000000000000100
00100011101111010000000000001000
00111100000000010001000000000001
10001100001011000000000000011100
00111100000000010001000000000001
10101100001011000000000000011000
00100000000000010000000000000000
00010000001010110000000000001010
00100000000000010000000000000001
00010000001010110000000000001111
00100000000000010000000000000010
00010000001010110000000000010100
00100000000000010000000000000011
00010000001010110000000000011001
00100000000000010000000000000100
00010000001010110000000000011110
00100000000000010000000000000101
00010000001010110000000000100011
00100100000100110000000000000001
00111100000000010001000000000001
10101100001100110000000000000100
00100100000100111111111111111111
00111100000000010001000000000001
10101100001100110000000000001000
00001000000100000000001001000000
00100100000100110000000000000010
00111100000000010001000000000001
10101100001100110000000000000100
00100100000100111111111111111111
00111100000000010001000000000001
10101100001100110000000000001000
00001000000100000000001001000000
00100100000100110000000000000100
00111100000000010001000000000001
10101100001100110000000000000100
00100100000100111111111111111111
00111100000000010001000000000001
10101100001100110000000000001000
00001000000100000000001001000000
00100100000100110000000000000100
00111100000000010001000000000001
10101100001100110000000000000100
00100100000100110000000000000001
00111100000000010001000000000001
10101100001100110000000000001000
00001000000100000000001001000000
00100100000100110000000000000010
00111100000000010001000000000001
10101100001100110000000000000100
00100100000100110000000000000001
00111100000000010001000000000001
10101100001100110000000000001000
00001000000100000000001001000000
00100100000100110000000000000001
00111100000000010001000000000001
10101100001100110000000000000100
00100100000100110000000000000001
00111100000000010001000000000001
10101100001100110000000000001000
00100000000000010000000000011111
00010000001101110000000000000010
00100000000000010000000000000000
00010100001101110000000000010001
00100011101111011111111111111000
10101111101001000000000000000000
10101111101001010000000000000100
10001111101001000000000000000000
10001111101001010000000000000100
00100011101111010000000000001000
00100000000000010000000000000001
00000000001100110000100000101010
00010100001000000000000000001000
00111100000000010001000000000001
10001100001011000000000000001000
00111100000000011111111111111111
00110100001000011111111111111111
00000001100000010110000000100110
00100001100011000000000000000001
00111100000000010001000000000001
10101100001011000000000000001000
00000011111000000000000000001000
00111100000000010001000000000001
10001100001010000000000000101100
00100100000010010010000000000000
00100000000000010000000000000100
00000001001000010100100000100010
00000001001111000101000000100001
10101101010010000000000000000000
00010001001000000000000000000001
00001000000100000000001001011001
00000011111000000000000000001000
00111100000000010001000000000001
10001100001010010000000000010000
00100001001010010000000000000001
00111100000000010001000000000001
10101100001010010000000000010000
00100100000010100000000000000001
00111100000000010001000000000001
10101100001010100000000000000000
00100100000001110000000000110110
00111100000000011111111111111111
10101100001000000000000000000100
00100000000000010000000000001010
00010000001010010000000000010101
00001000000100000000001001111011
00111100000000010001000000000001
10001100001010010000000000001100
00100001001010010000000000000001
00111100000000010001000000000001
10101100001010010000000000001100
00100100000010101111111111111111
00111100000000010001000000000001
10101100001010100000000000000000
00100100000001110000000000000001
00111100000000011111111111111111
10101100001000000000000000000100
00100000000000010000000000001010
00010000001010010000000000000111
00100100000001000000000001010000
00100100000001010000000100101100
00100100000001100000000001111001
00100100000001110000000001111111
00100100000000100000000000011111
00000000000000000000000000001100
00001000000100000000000011100011
00001100000100000000001001010110
00111100000000010001000000000001
10001100001010000000000000001100
00100000000000010000000000001010
00010100001010000000000000001101
00100100000001000000000000100010
00100100000001010000000000001100
00111100000000010001000000000001
10001100001001100000000000101000
00100100000001110000000000001111
00001100000100000000000110111111
00100100000001000000000000100001
00100100000001010000000000001101
00001100000100000000000110101101
00100100000001010000000000010000
00100100000001110000000000100011
00001100000100000000000110110011
00001000000100000000001010101010
00100100000001000000000000100001
00100100000001010000000000010000
00111100000000010001000000000001
10001100001001100000000000101000
00100100000001110000000000100100
00001100000100000000000110110011
00100100000001000000000000100010
00100100000001010000000000001100
00100100000001110000000000100011
00001100000100000000000110110011
00100100000001010000000000001111
00001100000100000000000110101101
00100100000001000000000000100011
00100100000001010000000000010000
00001100000100000000000110101101
00100100000001010000000000001110
00001100000100000000000110101101
00100100000001000000000000100100
00100100000001010000000000001101
00001100000100000000000110101101
00100100000001000000000000100001
00001100000100000000000110101101
00100100000001000000000000011011
00100100000001010000000000001100
00100100000001110000000000010000
00001100000100000000000110111111
00100100000001000000000000011110
00100100000001110000000000001110
00001100000100000000000110111111
00100100000001000000000000011100
00100100000001110000000000011101
00001100000100000000000110110011
00100100000001010000000000001110
00001100000100000000000110110011
00100100000001000000000001100100
00100100000000100000000000100000
00000000000000000000000000001100
00111100000000011111111111111111
10101100001000000000000000000000
00100100000001000000000000001010
00100100000000100000000000100000
00000000000000000000000000001100
00111100000000011111111111111111
10001100001010000000000000000000
00010001000000001111111111111010
00001000000100000000001011000010
00111100000000010001000000000001
10101100001000000000000000001100
00111100000000010001000000000001
10101100001000000000000000010000
00111100000000011111111111111111
10101100001000000000000000000000
00111100000000011111111111111111
10101100001000000000000000000100
00001100000100000000001001010110
00001000000100000000000000000000
