00001100000100000000010000000101
00100100000001000000000000000011
00100100000001010000000000000110
00111100000000010001000000000001
10001100001001100000000000011100
00100100000001110000000000011010
00001100000100000000001011001000
00100100000001000000000000000100
00100100000001010000000000011010
00111100000000010001000000000001
10001100001001100000000000011100
00001100000100000000001010110110
00100100000001000000000000000101
00100100000001010000000000011001
00111100000000010001000000000001
10001100001001100000000000011100
00001100000100000000001010110110
00100100000001000000000000000110
00100100000001010000000000011000
00111100000000010001000000000001
10001100001001100000000000011100
00001100000100000000001010110110
00100100000001000000000000000111
00100100000001010000000000010111
00111100000000010001000000000001
10001100001001100000000000011100
00001100000100000000001010110110
00100100000001000000000000001000
00100100000001010000000000010110
00111100000000010001000000000001
10001100001001100000000000011100
00001100000100000000001010110110
00100100000001000000000000001001
00100100000001010000000000010101
00111100000000010001000000000001
10001100001001100000000000011100
00001100000100000000001010110110
00100100000001000000000000001010
00100100000001010000000000010100
00111100000000010001000000000001
10001100001001100000000000011100
00001100000100000000001010110110
00100100000001000000000000001011
00100100000001010000000000010011
00111100000000010001000000000001
10001100001001100000000000011100
00001100000100000000001010110110
00100100000001000000000000001100
00100100000001010000000000010100
00111100000000010001000000000001
10001100001001100000000000011100
00001100000100000000001010110110
00100100000001000000000000001101
00100100000001010000000000010101
00111100000000010001000000000001
10001100001001100000000000011100
00001100000100000000001010110110
00100100000001000000000000001110
00100100000001010000000000010110
00111100000000010001000000000001
10001100001001100000000000011100
00001100000100000000001010110110
00100100000001000000000000001111
00100100000001010000000000010111
00111100000000010001000000000001
10001100001001100000000000011100
00001100000100000000001010110110
00100100000001000000000000010000
00100100000001010000000000011000
00111100000000010001000000000001
10001100001001100000000000011100
00001100000100000000001010110110
00100100000001000000000000010001
00100100000001010000000000011001
00111100000000010001000000000001
10001100001001100000000000011100
00001100000100000000001010110110
00100100000001000000000000010010
00100100000001010000000000011010
00111100000000010001000000000001
10001100001001100000000000011100
00001100000100000000001010110110
00100100000001000000000000010011
00100100000001010000000000000110
00111100000000010001000000000001
10001100001001100000000000011100
00100100000001110000000000011010
00001100000100000000001011001000
00100100000001000000000000011000
00100100000001010000000000000110
00111100000000010001000000000001
10001100001001100000000000011100
00100100000001110000000000011010
00001100000100000000001011001000
00100100000001000000000000011000
00100100000001010000000000011010
00111100000000010001000000000001
10001100001001100000000000011100
00100100000001110000000000101000
00001100000100000000001010111100
00100100000001000000000000011000
00100100000001010000000000000110
00111100000000010001000000000001
10001100001001100000000000011100
00100100000001110000000000101000
00001100000100000000001010111100
00100100000001000000000000101000
00100100000001010000000000000110
00111100000000010001000000000001
10001100001001100000000000011100
00100100000001110000000000011010
00001100000100000000001011001000
00100100000001000000000000101101
00100100000001010000000000000110
00111100000000010001000000000001
10001100001001100000000000011100
00100100000001110000000000011010
00001100000100000000001011001000
00100100000001000000000000101110
00100100000001010000000000011010
00111100000000010001000000000001
10001100001001100000000000011100
00001100000100000000001010110110
00100100000001000000000000101111
00100100000001010000000000011001
00111100000000010001000000000001
10001100001001100000000000011100
00001100000100000000001010110110
00100100000001000000000000110000
00100100000001010000000000011000
00111100000000010001000000000001
10001100001001100000000000011100
00001100000100000000001010110110
00100100000001000000000000110001
00100100000001010000000000010111
00111100000000010001000000000001
10001100001001100000000000011100
00001100000100000000001010110110
00100100000001000000000000110010
00100100000001010000000000010110
00111100000000010001000000000001
10001100001001100000000000011100
00001100000100000000001010110110
00100100000001000000000000110011
00100100000001010000000000010101
00111100000000010001000000000001
10001100001001100000000000011100
00001100000100000000001010110110
00100100000001000000000000110100
00100100000001010000000000010100
00111100000000010001000000000001
10001100001001100000000000011100
00001100000100000000001010110110
00100100000001000000000000110101
00100100000001010000000000010011
00111100000000010001000000000001
10001100001001100000000000011100
00001100000100000000001010110110
00100100000001000000000000110110
00100100000001010000000000010100
00111100000000010001000000000001
10001100001001100000000000011100
00001100000100000000001010110110
00100100000001000000000000110111
00100100000001010000000000010101
00111100000000010001000000000001
10001100001001100000000000011100
00001100000100000000001010110110
00100100000001000000000000111000
00100100000001010000000000010110
00111100000000010001000000000001
10001100001001100000000000011100
00001100000100000000001010110110
00100100000001000000000000111001
00100100000001010000000000010111
00111100000000010001000000000001
10001100001001100000000000011100
00001100000100000000001010110110
00100100000001000000000000111010
00100100000001010000000000011000
00111100000000010001000000000001
10001100001001100000000000011100
00001100000100000000001010110110
00100100000001000000000000111011
00100100000001010000000000011001
00111100000000010001000000000001
10001100001001100000000000011100
00001100000100000000001010110110
00100100000001000000000000111100
00100100000001010000000000011010
00111100000000010001000000000001
10001100001001100000000000011100
00001100000100000000001010110110
00100100000001000000000000111101
00100100000001010000000000000110
00111100000000010001000000000001
10001100001001100000000000011100
00100100000001110000000000011010
00001100000100000000001011001000
00111100000000011111111111111111
10001100001010010000000000000100
00100000000000010000000000100000
00010000001010010000000000000100
00100100000001000000000011111010
00100100000000100000000000100000
00000000000000000000000000001100
00001000000100000000000011000111
00111100000000011111111111111111
10101100001000000000000000000000
00100100000010010000000000000001
00111100000000010001000000000001
10101100001010010000000000000100
00111100000000010001000000000001
10101100001000000000000000000000
00100100000010000000000000000001
00111100000000010001000000000001
10101100001010000000000000101100
00100100000100000000000000010111
00100100000100010000000000000110
00100100000100100000000000011000
00100100000100110000000000001111
00100100000101000000000000100001
00100100000101010000000000001100
00100100000101101111111111111110
00100100000101111111111111111110
00001100000100000000010000000101
00111100000000010001000000000001
10001100001001100000000000000100
00100100000001110000000000000011
00111100000000010001000000000001
10001100001001010000000000100000
00001100000100000000001010100010
00111100000000010001000000000001
10001100001001100000000000000000
00100100000001110000000000100010
00111100000000010001000000000001
10001100001001010000000000100100
00001100000100000000001010100010
00111100000000010001000000000001
10001100001001100000000000001000
00100100000001110000000000101000
00111100000000010001000000000001
10001100001001010000000000010100
00001100000100000000001010100010
00100100000001000000000000010110
00100100000001010000000000000101
00111100000000010001000000000001
10001100001001100000000000011100
00100100000001110000000000010001
00001100000100000000001011001000
00100100000001000000000000101010
00100100000001010000000000000101
00111100000000010001000000000001
10001100001001100000000000011100
00100100000001110000000000010001
00001100000100000000001011001000
00100100000001000000000000010110
00100100000001010000000000000101
00111100000000010001000000000001
10001100001001100000000000011100
00100100000001110000000000101010
00001100000100000000001010111100
00100100000001000000000000010110
00100100000001010000000000010001
00111100000000010001000000000001
10001100001001100000000000011100
00100100000001110000000000101010
00001100000100000000001010111100
00100100000001000000000000011011
00100100000001010000000000001001
00111100000000010001000000000001
10001100001001100000000000011100
00100100000001110000000000010001
00001100000100000000001011001000
00100100000001000000000000011111
00100100000001010000000000000101
00111100000000010001000000000001
10001100001001100000000000011100
00100100000001110000000000001011
00001100000100000000001011001000
00100100000001000000000000100010
00100100000001010000000000001101
00111100000000010001000000000001
10001100001001100000000000011100
00100100000001110000000000101010
00001100000100000000001010111100
00100100000001000000000000011001
00100100000001010000000000000101
00111100000000010001000000000001
10001100001001100000000000101000
00001100000100000000001010110110
00100100000001000000000000100100
00100100000001010000000000010001
00111100000000010001000000000001
10001100001001100000000000101000
00001100000100000000001010110110
00000000000100000010000000100001
00000000000100010010100000100001
00111100000000010001000000000001
10001100001001100000000000010000
00001100000100000000001010110110
00000000000100100010000000100001
00000000000100110010100000100001
00111100000000010001000000000001
10001100001001100000000000010100
00001100000100000000001010110110
00000000000101000010000000100001
00000000000101010010100000100001
00111100000000010001000000000001
10001100001001100000000000010100
00001100000100000000001010110110
00100100000001000000000000010110
00100100000001010000000000010011
00111100000000010001000000000001
10001100001001100000000000100000
00100100000001110000000000011111
00001100000100000000001011001000
00100100000001000000000000101010
00100100000001010000000000010011
00111100000000010001000000000001
10001100001001100000000000100000
00100100000001110000000000011111
00001100000100000000001011001000
00100100000001000000000000010110
00100100000001010000000000010011
00111100000000010001000000000001
10001100001001100000000000100000
00100100000001110000000000101010
00001100000100000000001010111100
00100100000001000000000000010110
00100100000001010000000000011111
00111100000000010001000000000001
10001100001001100000000000100000
00100100000001110000000000101010
00001100000100000000001010111100
00000000000100100010000000100001
00000000000100110010100000100001
00100000101001010000000000001110
00111100000000010001000000000001
10001100001001100000000000100100
00001100000100000000001010110110
00000000000101000010000000100001
00000000000101010010100000100001
00100000101001010000000000001110
00111100000000010001000000000001
10001100001001100000000000100100
00001100000100000000001010110110
00100100000001000000000000011000
00100100000001010000000000011000
00111100000000010001000000000001
10001100001001100000000000011000
00001100000100000000001010110110
00100100000001000000000000011110
00100100000001010000000000011100
00111100000000010001000000000001
10001100001001100000000000011000
00001100000100000000001010110110
00111100000000010001000000000001
10001100001010000000000000000100
00100100000010010000000000000001
00000001001010000000100000101010
00010100001000000000000000000001
00001000000100000000000101110100
00111100000000010001000000000001
10001100001001000000000001010100
00111100000000010001000000000001
10001100001001010000000001011000
00100000101001010000000000001110
00010000000001000000000000000011
00111100000000010001000000000001
10001100001001100000000000100100
00001100000100000000001010110110
00111100000000010001000000000001
10001100001010000000000000000100
00100100000010010000000000000010
00000001001010000000100000101010
00010100001000000000000000000001
00001000000100000000000110000011
00111100000000010001000000000001
10001100001001000000000001011100
00111100000000010001000000000001
10001100001001010000000001100000
00100000101001010000000000001110
00010000000001000000000000000011
00111100000000010001000000000001
10001100001001100000000000100100
00001100000100000000001010110110
00111100000000010001000000000001
10101100001100100000000000111100
00111100000000010001000000000001
10101100001100110000000001000000
00111100000000010001000000000001
10001100001010000000000001001100
00111100000000010001000000000001
10001100001010010000000001010000
00010101000010010000000001001010
00111100000000010001000000000001
10101100001000000000000001010000
00000010000100100000100000101010
00010100001000000000000000000011
00000010010100000000100000101010
00010100001000000000000000000111
00001000000100000000000110011111
00100010010001011111111111111111
00100010011001100000000000000000
00001100000100000000001101100000
00010000010000000000000000001000
00100010010100101111111111111111
00001000000100000000000110110000
00100010010001010000000000000001
00100010011001100000000000000000
00001100000100000000001101100000
00010000010000000000000000000010
00100010010100100000000000000001
00001000000100000000000110110000
00000010001100110000100000101010
00010100001000000000000000000011
00000010011100010000100000101010
00010100001000000000000000000111
00001000000100000000000110110000
00100010010001010000000000000000
00100010011001101111111111111111
00001100000100000000001101100000
00010000010000000000000000001000
00100010011100111111111111111111
00001000000100000000000110110000
00100010010001010000000000000000
00100010011001100000000000000001
00001100000100000000001101100000
00010000010000000000000000000010
00100010011100110000000000000001
00001000000100000000000110110000
00111100000000010001000000000001
10101100001101000000000001000100
00111100000000010001000000000001
10101100001101010000000001001000
00000010000101000000100000101010
00010100001000000000000000000011
00000010100100000000100000101010
00010100001000000000000000000111
00001000000100000000000111000101
00100010100001011111111111111111
00100010101001100000000000000000
00001100000100000000001101100000
00010000010000000000000000001000
00100010100101001111111111111111
00001000000100000000000111010110
00100010100001010000000000000001
00100010101001100000000000000000
00001100000100000000001101100000
00010000010000000000000000000010
00100010100101000000000000000001
00001000000100000000000111010110
00000010001101010000100000101010
00010100001000000000000000000011
00000010101100010000100000101010
00010100001000000000000000000111
00001000000100000000000111010110
00100010100001010000000000000000
00100010101001101111111111111111
00001100000100000000001101100000
00010000010000000000000000001000
00100010101101011111111111111111
00001000000100000000000111010110
00100010100001010000000000000000
00100010101001100000000000000001
00001100000100000000001101100000
00010000010000000000000000000010
00100010101101010000000000000001
00001000000100000000000111010110
00111100000000010001000000000001
10001100001010010000000001010000
00100001001010010000000000000001
00111100000000010001000000000001
10101100001010010000000001010000
00001100000100000000001110001110
00111100000000010001000000000001
10001100001001100000000000000000
00100100000001110000000000011001
00111100000000010001000000000001
10001100001001010000000000100100
00001100000100000000001010100010
00111100000000010001000000000001
10001100001001100000000000001000
00100100000001110000000000101000
00111100000000010001000000000001
10001100001001010000000000010100
00001100000100000000001010100010
00111100000000010001000000000001
10001100001010000000000000110000
00010001000000000000000000000111
00001100000100000000001000111111
00010000010000000000000000000101
00000000000101100010000000100001
00000000000101110010100000100001
00111100000000010001000000000001
10001100001001100000000000001100
00001100000100000000001010110110
00111100000000010001000000000001
10001100001001000000000000110100
00111100000000010001000000000001
10001100001001010000000000111000
00111100000000010001000000000001
10001100001001100000000000011000
00001100000100000000001010110110
00000000000100000010000000100001
00000000000100010010100000100001
00111100000000010001000000000001
10001100001001100000000000010000
00001100000100000000001010110110
00111100000000010001000000000001
10001100001001000000000000111100
00111100000000010001000000000001
10001100001001010000000001000000
00111100000000010001000000000001
10001100001001100000000000011000
00001100000100000000001010110110
00111100000000010001000000000001
10001100001001000000000001000100
00111100000000010001000000000001
10001100001001010000000001001000
00001100000100000000001010110110
00000000000100100010000000100001
00000000000100110010100000100001
00111100000000010001000000000001
10001100001001100000000000010100
00001100000100000000001010110110
00000000000101000010000000100001
00000000000101010010100000100001
00111100000000010001000000000001
10001100001001100000000000010100
00001100000100000000001010110110
00111100000000010001000000000001
10001100001001000000000000111100
00111100000000010001000000000001
10001100001001010000000001000000
00100000101001010000000000001110
00111100000000010001000000000001
10001100001001100000000000011000
00001100000100000000001010110110
00111100000000010001000000000001
10001100001001000000000001000100
00111100000000010001000000000001
10001100001001010000000001001000
00100000101001010000000000001110
00001100000100000000001010110110
00100000000010001111111111111111
00010010010010000000000000000110
00000000000100100010000000100001
00000000000100110010100000100001
00100000101001010000000000001110
00111100000000010001000000000001
10001100001001100000000000100100
00001100000100000000001010110110
00100000000010001111111111111111
00010010100010000000000000000110
00000000000101000010000000100001
00000000000101010010100000100001
00100000101001010000000000001110
00111100000000010001000000000001
10001100001001100000000000100100
00001100000100000000001010110110
00100100000010000000000000000010
00011001000000000000000000001010
00100100000001000000000000110010
00100100000000100000000000100000
00000000000000000000000000001100
00100001000010001111111111111111
00111100000000011111111111111111
10001100001010010000000000000000
00011001001000001111111111111000
00001100000100000000001011010100
00111100000000011111111111111111
10101100001000000000000000000000
00001000000100000000000101011011
00100011101111011111111111111100
10101111101111110000000000000000
00100010110001000000000000000000
00100010111001010000000000000000
00111100000000010001000000000001
10001100001001100000000000011000
00001100000100000000001010110110
00111100000000010001000000000001
10001100001010000000000000101100
00100000000010010000000000000000
00010001000010010000000000000110
00100000000010010000000000000001
00010001000010010000000000001111
00100000000010010000000000000010
00010001000010010000000000011000
00100000000010010000000000000011
00010001000010010000000000100001
00100010111010001111111111111111
00100001000001100000000000000000
00100010110001010000000000000000
00001100000100000000001101100000
00100000000000010000000000000000
00010000001000100000000000100110
00100010111101111111111111111111
10001111101111110000000000000000
00100011101111010000000000000100
00100100000000100000000000000001
00001000000100000000001010000010
00100010110010000000000000000001
00100001000001010000000000000000
00100010111001100000000000000000
00001100000100000000001101100000
00100000000000010000000000000000
00010000001000100000000000011011
00100010110101100000000000000001
10001111101111110000000000000000
00100011101111010000000000000100
00100100000000100000000000000001
00001000000100000000001010000010
00100010111010000000000000000001
00100001000001100000000000000000
00100010110001010000000000000000
00001100000100000000001101100000
00100000000000010000000000000000
00010000001000100000000000010000
00100010111101110000000000000001
10001111101111110000000000000000
00100011101111010000000000000100
00100100000000100000000000000001
00001000000100000000001010000010
00100010110010001111111111111111
00100001000001010000000000000000
00100010111001100000000000000000
00001100000100000000001101100000
00100000000000010000000000000000
00010000001000100000000000000101
00100010110101101111111111111111
10001111101111110000000000000000
00100011101111010000000000000100
00100100000000100000000000000001
00001000000100000000001010000010
00111100000000010001000000000001
10101100001000000000000000110000
10001111101111110000000000000000
00100011101111010000000000000100
00100100000000100000000000000000
00000011111000000000000000001000
00010010110100100000000000000010
00010010110101000000000000000011
00000011111000000000000000001000
00010010111100110000000000000011
00000011111000000000000000001000
00010010111101010000000000001000
00000011111000000000000000001000
00111100000000010001000000000001
10101100001100100000000000111100
00111100000000010001000000000001
10101100001100110000000001000000
00100100000100101111111111111111
00100100000100111111111111111111
00001000000100000000001010010111
00111100000000010001000000000001
10101100001101000000000001000100
00111100000000010001000000000001
10101100001101010000000001001000
00100100000101001111111111111111
00100100000101011111111111111111
00001000000100000000001010010111
00111100000000010001000000000001
10001100001010000000000000000000
00100001000010000000000000000001
00111100000000010001000000000001
10101100001010000000000000000000
00100100000010010000000000000010
00010001000010010000000100101011
00100100000101101111111111111110
00100100000101111111111111111110
00111100000000010001000000000001
10101100001000000000000000110000
00100011101111011111111111110100
10101111101111110000000000000000
10101111101100100000000000000100
10101111101001100000000000001000
00000000000001101001000000100001
00100000101001100000000000000000
00010010010000000000000000001000
00100000000000010000000000000001
00000010010000010100100000100010
00000000000010010100100001000000
00000001001001110010000000100000
00100100000001010000000000000011
00001100000100000000001010110110
00100010010100101111111111111111
00001000000100000000001010101000
10001111101111110000000000000000
10001111101100100000000000000100
10001111101001100000000000001000
00100011101111010000000000001100
00000011111000000000000000001000
00000000000001010100000110000000
00000000100010000001000000100001
00000000000000100001000010000000
00000000010111000001000000100001
10101100010001100000000000000000
00000011111000000000000000001000
00100011101111011111111111111100
10101111101111110000000000000000
00000000111001001100100000100010
00000000000001000100100000100001
00000001001110010010000000100000
00001100000100000000001010110110
00100011001110011111111111111111
00101011001000010000000000000000
00010000001000001111111111111011
10001111101111110000000000000000
00100011101111010000000000000100
00000011111000000000000000001000
00100011101111011111111111111100
10101111101111110000000000000000
00000000111001011100100000100010
00000000000001010100100000100001
00000001001110010010100000100000
00001100000100000000001010110110
00100011001110011111111111111111
00101011001000010000000000000000
00010000001000001111111111111011
10001111101111110000000000000000
00100011101111010000000000000100
00000011111000000000000000001000
00100011101111011111111111111100
10101111101111110000000000000000
00111100000000010001000000000001
10101100001100000000000000110100
00111100000000010001000000000001
10101100001100010000000000111000
00111100000000011111111111111111
10001100001001000000000000000100
00100000000000010000000001110111
00010100001001000000000000001101
00100010001010001111111111111111
00100001000001100000000000000000
00100010000001010000000000000000
00001100000100000000001101100000
00100000000000010000000000000000
00010000001000100000000001111001
00100000000000010000000000000010
00010000001000100000000000000010
00100010001100011111111111111111
00001000000100000000001101011101
00100100000100000000000000100100
00100100000100010000000000010000
00001000000100000000001101011101
00100000000000010000000001100100
00010100001001000000000000001000
00100010000010000000000000000001
00100010001001100000000000000000
00100001000001010000000000000000
00001100000100000000001101100000
00100000000000010000000000000000
00010000001000100000000001101010
00100010000100000000000000000001
00001000000100000000001101011101
00100000000000010000000001110011
00010100001001000000000000001101
00100010001010000000000000000001
00100001000001100000000000000000
00100010000001010000000000000000
00001100000100000000001101100000
00100000000000010000000000000000
00010000001000100000000001100000
00100000000000010000000000000011
00010000001000100000000000000010
00100010001100010000000000000001
00001000000100000000001101011101
00100100000100000000000000011001
00100100000100010000000000000110
00001000000100000000001101011101
00100000000000010000000001100001
00010100001001000000000000001000
00100010000010001111111111111111
00100010001001100000000000000000
00100001000001010000000000000000
00001100000100000000001101100000
00100000000000010000000000000000
00010000001000100000000001010001
00100010000100001111111111111111
00001000000100000000001101011101
00100000000000010000000001101001
00010100001001000000000000010010
00111100000000010001000000000001
10001100001010000000000000110000
00010101000000000000000001001010
00100010001010001111111111111111
00100001000001100000000000000000
00100010000001010000000000000000
00001100000100000000001101100000
00100000000000010000000000000000
00010000001000100000000001000100
00100010000101100000000000000000
00100010001101111111111111111111
00100100000010000000000000000000
00111100000000010001000000000001
10101100001010000000000000101100
00100100000010010000000000000001
00111100000000010001000000000001
10101100001010010000000000110000
00001000000100000000001101011101
00100000000000010000000001101100
00010100001001000000000000010001
00111100000000010001000000000001
10001100001010000000000000110000
00010101000000000000000000110110
00100010000010000000000000000001
00100010001001100000000000000000
00100001000001010000000000000000
00001100000100000000001101100000
00100000000000010000000000000000
00010000001000100000000000110000
00100010000101100000000000000001
00100010001101110000000000000000
00100100000010000000000000000001
00111100000000010001000000000001
10101100001010000000000000101100
00111100000000010001000000000001
10101100001010000000000000110000
00001000000100000000001101011101
00100000000000010000000001101011
00010100001001000000000000010010
00111100000000010001000000000001
10001100001010000000000000110000
00010101000000000000000000100011
00100010001010000000000000000001
00100001000001100000000000000000
00100010000001010000000000000000
00001100000100000000001101100000
00100000000000010000000000000000
00010000001000100000000000011101
00100010000101100000000000000000
00100010001101110000000000000001
00100100000010000000000000000010
00111100000000010001000000000001
10101100001010000000000000101100
00100100000010010000000000000001
00111100000000010001000000000001
10101100001010010000000000110000
00001000000100000000001101011101
00100000000000010000000001101010
00010100001001000000000000010010
00111100000000010001000000000001
10001100001010000000000000110000
00010101000000000000000000001111
00100010000010001111111111111111
00100010001001100000000000000000
00100001000001010000000000000000
00001100000100000000001101100000
00100000000000010000000000000000
00010000001000100000000000001001
00100010000101101111111111111111
00100010001101110000000000000000
00100100000010000000000000000011
00111100000000010001000000000001
10101100001010000000000000101100
00100100000010010000000000000001
00111100000000010001000000000001
10101100001010010000000000110000
00001000000100000000001101011101
10001111101111110000000000000000
00100011101111010000000000000100
00000011111000000000000000001000
00100000000000010000000000011001
00010100001001010000000000000100
00100000000000010000000000000101
00010100001001100000000000000010
00100100000000100000000000000010
00000011111000000000000000001000
00100000000000010000000000100100
00010100001001010000000000000100
00100000000000010000000000010001
00010100001001100000000000000010
00100100000000100000000000000011
00000011111000000000000000001000
00101000101000010000000000010111
00010100001000000000000000011110
00100000000000010000000000101001
00000000001001010000100000101010
00010100001000000000000000011011
00101000110000010000000000000110
00010100001000000000000000011001
00100000000000010000000000010000
00000000001001100000100000101010
00010100001000000000000000010110
00100000000000010000000000011011
00010000001001010000000000000110
00100000000000010000000000011111
00010000001001010000000000001001
00100000000000010000000000001101
00010000001001100000000000001011
00100100000000100000000000000001
00000011111000000000000000001000
00100000000000010000000000001000
00000000001001100000100000101010
00010100001000000000000000001011
00100100000000100000000000000001
00000011111000000000000000001000
00101000110000010000000000001100
00010100001000000000000000000111
00100100000000100000000000000001
00000011111000000000000000001000
00100000000000010000000000100001
00000000001001010000100000101010
00010100001000000000000000000010
00100100000000100000000000000001
00000011111000000000000000001000
00100100000000100000000000000000
00000011111000000000000000001000
00010010000100100000000000001000
00010010000101000000000000001001
00111100000000010001000000000001
10001100001010000000000001010100
00010010000010000000000000001000
00111100000000010001000000000001
10001100001010000000000001011100
00010010000010000000000000001001
00000011111000000000000000001000
00010010001100110000000000001011
00000011111000000000000000001000
00010010001101010000000000010001
00000011111000000000000000001000
00111100000000010001000000000001
10001100001010000000000001011000
00010001000100010000000000010101
00000011111000000000000000001000
00111100000000010001000000000001
10001100001010000000000001100000
00010001000100010000000000010110
00000011111000000000000000001000
00100100000100101111111111111111
00100100000100111111111111111111
00111100000000010001000000000001
10001100001010000000000000000000
00100001000010000000000000000001
00111100000000010001000000000001
10101100001010000000000000000000
00001000000100000000001110111101
00100100000101001111111111111111
00100100000101011111111111111111
00111100000000010001000000000001
10001100001010000000000000000000
00100001000010000000000000000001
00111100000000010001000000000001
10101100001010000000000000000000
00001000000100000000001110111101
00111100000000010001000000000001
10101100001000000000000001010100
00111100000000010001000000000001
10101100001000000000000001011000
00001000000100000000001110111101
00111100000000010001000000000001
10101100001000000000000001011100
00111100000000010001000000000001
10101100001000000000000001100000
00001000000100000000001110111101
00111100000000010001000000000001
10001100001010000000000000001000
00100001000010000000000000000001
00111100000000010001000000000001
10101100001010000000000000001000
00100100000010010000000000000011
00010001000010010000000010001001
00111100000000010001000000000001
10001100001010000000000000000000
00100100000010010000000000000010
00010001000010010000000000000001
00000011111000000000000000001000
00100100000010000000000000011000
00111100000000010001000000000001
10101100001010000000000001010100
00100100000010000000000000001010
00111100000000010001000000000001
10101100001010000000000001011000
00100100000010010000000000000010
00111100000000010001000000000001
10001100001010000000000000000100
00010101001010000000000000000110
00100100000010000000000000011110
00111100000000010001000000000001
10101100001010000000000001011100
00100100000010000000000000001110
00111100000000010001000000000001
10101100001010000000000001100000
00111100000000010001000000000001
10001100001010000000000000000100
00100001000010000000000000000001
00111100000000010001000000000001
10101100001010000000000000000100
00100100000010010000000000000100
00010001000010010000000000101111
00111100000000010001000000000001
10101100001000000000000000000000
00001100000100000000010000000101
00100100000001000000000000001110
00100100000001010000000000000110
00111100000000010001000000000001
10001100001001100000000000011100
00100100000001110000000000011010
00001100000100000000001011001000
00100100000001000000000000001110
00100100000001010000000000011010
00111100000000010001000000000001
10001100001001100000000000011100
00100100000001110000000000011000
00001100000100000000001010111100
00100100000001000000000000101000
00100100000001010000000000000110
00111100000000010001000000000001
10001100001001100000000000011100
00100100000001110000000000011010
00001100000100000000001011001000
00100100000001000000000000101000
00100100000001010000000000011010
00111100000000010001000000000001
10001100001001100000000000011100
00100100000001110000000000110010
00001100000100000000001010111100
00100100000001000000000000110010
00100100000001010000000000000110
00111100000000010001000000000001
10001100001001100000000000011100
00100100000001110000000000011010
00001100000100000000001011001000
00100100000001000000001111101000
00100100000000100000000000100000
00000000000000000000000000001100
00001000000100000000000011010110
00111100000000010001000000000001
10001100001010000000000000011000
00100100000010010100000000000000
00100000000000010000000000000100
00000001001000010100100000100010
00000001001111000101000000100001
10101101010010000000000000000000
00010001001000000000000000000001
00001000000100000000010000001000
00000011111000000000000000001000
00001100000100000000010000000101
00100100000001000000000000001110
00100100000001010000000000000110
00111100000000010001000000000001
10001100001001100000000000011100
00100100000001110000000000011010
00001100000100000000001011001000
00100100000001000000000000011000
00100100000001010000000000010000
00111100000000010001000000000001
10001100001001100000000000011100
00100100000001110000000000011010
00001100000100000000001011001000
00100100000001000000000000001110
00100100000001010000000000000110
00111100000000010001000000000001
10001100001001100000000000011100
00100100000001110000000000011000
00001100000100000000001010111100
00100100000001000000000000010011
00100100000001010000000000010000
00111100000000010001000000000001
10001100001001100000000000011100
00100100000001110000000000011000
00001100000100000000001010111100
00100100000001000000000000001110
00100100000001010000000000011010
00111100000000010001000000000001
10001100001001100000000000011100
00100100000001110000000000011000
00001100000100000000001010111100
00100100000001000000000000101000
00100100000001010000000000000110
00111100000000010001000000000001
10001100001001100000000000011100
00100100000001110000000000011010
00001100000100000000001011001000
00100100000001000000000000110010
00100100000001010000000000010000
00111100000000010001000000000001
10001100001001100000000000011100
00100100000001110000000000011010
00001100000100000000001011001000
00100100000001000000000000101000
00100100000001010000000000000110
00111100000000010001000000000001
10001100001001100000000000011100
00100100000001110000000000110010
00001100000100000000001010111100
00100100000001000000000000101101
00100100000001010000000000010000
00111100000000010001000000000001
10001100001001100000000000011100
00100100000001110000000000110010
00001100000100000000001010111100
00100100000001000000000000101000
00100100000001010000000000011010
00111100000000010001000000000001
10001100001001100000000000011100
00100100000001110000000000110010
00001100000100000000001010111100
00001000000100000000010010000100
00001100000100000000010000000101
00100100000001000000000000001110
00100100000001010000000000000110
00111100000000010001000000000001
10001100001001100000000000011100
00100100000001110000000000011010
00001100000100000000001011001000
00100100000001000000000000011000
00100100000001010000000000010000
00111100000000010001000000000001
10001100001001100000000000011100
00100100000001110000000000011010
00001100000100000000001011001000
00100100000001000000000000001110
00100100000001010000000000000110
00111100000000010001000000000001
10001100001001100000000000011100
00100100000001110000000000011000
00001100000100000000001010111100
00100100000001000000000000010011
00100100000001010000000000010000
00111100000000010001000000000001
10001100001001100000000000011100
00100100000001110000000000011000
00001100000100000000001010111100
00100100000001000000000000001110
00100100000001010000000000011010
00111100000000010001000000000001
10001100001001100000000000011100
00100100000001110000000000011000
00001100000100000000001010111100
00100100000001000000000000101000
00100100000001010000000000000110
00111100000000010001000000000001
10001100001001100000000000011100
00100100000001110000000000011010
00001100000100000000001011001000
00100100000001000000000000101000
00100100000001010000000000011010
00111100000000010001000000000001
10001100001001100000000000011100
00100100000001110000000000110010
00001100000100000000001010111100
00100100000001000000000000101000
00100100000001010000000000000110
00111100000000010001000000000001
10001100001001100000000000011100
00100100000001110000000000110010
00001100000100000000001010111100
00100100000001000000000000110010
00100100000001010000000000000110
00111100000000010001000000000001
10001100001001100000000000011100
00100100000001110000000000011010
00001100000100000000001011001000
00100100000001000000000000001010
00100100000000100000000000100000
00000000000000000000000000001100
00111100000000011111111111111111
10001100001010000000000000000000
00100100000010010000000001110010
00010001000010011111111111111001
00001000000100000000010010001100
00100100000010000000000000000001
00111100000000010001000000000001
10101100001010000000000000000100
00111100000000010001000000000001
10101100001000000000000000001000
00111100000000010001000000000001
10101100001000000000000000000000
00100100000010000000000000001100
00111100000000010001000000000001
10101100001010000000000001001100
00111100000000010001000000000001
10101100001000000000000001010000
00111100000000010001000000000001
10101100001000000000000001010100
00111100000000010001000000000001
10101100001000000000000001011000
00111100000000010001000000000001
10101100001000000000000001011100
00111100000000010001000000000001
10101100001000000000000001100000
00100100000001000000001111101000
00100100000000100000000000100000
00000000000000000000000000001100
00001000000100000000000000000000
